File: c-fat500-1.clq.b
Found clique size: 14
Optimal size: 14
Accuracy: 100.00%
Runtime: 0.31 seconds
Clique vertices: [14, 254, 253, 413, 173, 493, 334, 414, 94, 174, 13, 333, 93, 494]
----------------------------------------

File: c-fat500-2.clq.b
Found clique size: 26
Optimal size: 26
Accuracy: 100.00%
Runtime: 0.38 seconds
Clique vertices: [334, 213, 414, 454, 93, 14, 413, 333, 13, 374, 94, 134, 293, 173, 54, 373, 294, 133, 254, 253, 174, 53, 453, 214, 493, 494]
----------------------------------------

File: c-fat200-5.clq.b
Found clique size: 58
Optimal size: 58
Accuracy: 100.00%
Runtime: 1.10 seconds
Clique vertices: [142, 52, 44, 94, 149, 170, 72, 122, 150, 23, 51, 114, 128, 93, 108, 156, 86, 30, 37, 185, 184, 87, 136, 79, 31, 143, 171, 163, 58, 101, 17, 2, 16, 107, 157, 38, 177, 100, 129, 178, 121, 135, 66, 3, 164, 10, 191, 73, 80, 65, 24, 115, 9, 199, 198, 59, 192, 45]
----------------------------------------

File: c-fat500-5.clq.b
Found clique size: 64
Optimal size: 64
Accuracy: 100.00%
Runtime: 1.72 seconds
Clique vertices: [82, 369, 258, 289, 2, 242, 146, 482, 498, 241, 162, 193, 130, 225, 338, 1, 321, 66, 177, 497, 401, 226, 433, 290, 194, 145, 417, 161, 178, 129, 113, 418, 306, 50, 370, 209, 17, 450, 273, 481, 337, 354, 114, 274, 465, 81, 210, 18, 449, 386, 353, 305, 34, 49, 434, 385, 322, 257, 466, 402, 98, 65, 97, 33]
----------------------------------------

File: c-fat500-10.clq.b
Found clique size: 126
Optimal size: 126
Accuracy: 100.00%
Runtime: 7.63 seconds
Clique vertices: [338, 459, 498, 243, 371, 226, 307, 475, 234, 274, 402, 267, 474, 283, 347, 235, 58, 315, 10, 26, 2, 187, 178, 499, 210, 306, 147, 131, 250, 195, 138, 275, 186, 427, 258, 490, 394, 106, 59, 170, 451, 115, 355, 411, 211, 171, 107, 227, 130, 299, 122, 75, 482, 146, 483, 378, 27, 123, 203, 139, 99, 418, 298, 3, 426, 35, 362, 51, 322, 314, 466, 291, 50, 386, 34, 450, 323, 155, 162, 434, 363, 154, 435, 202, 458, 19, 419, 290, 91, 395, 90, 266, 339, 83, 251, 330, 219, 242, 346, 331, 379, 282, 403, 11, 114, 18, 66, 194, 42, 354, 67, 370, 82, 410, 442, 98, 43, 491, 467, 179, 218, 259, 443, 387, 163, 74]
----------------------------------------

File: c-fat200-1.clq.b
Found clique size: 12
Optimal size: 12
Accuracy: 100.00%
Runtime: 0.03 seconds
Clique vertices: [83, 84, 158, 121, 120, 10, 195, 157, 46, 194, 47, 9]
----------------------------------------

File: c-fat200-2.clq.b
Found clique size: 24
Optimal size: 24
Accuracy: 100.00%
Runtime: 0.13 seconds
Clique vertices: [127, 108, 91, 19, 162, 163, 1, 37, 180, 0, 55, 109, 198, 181, 54, 199, 73, 144, 126, 36, 72, 18, 90, 145]
----------------------------------------

